3 0.4992030965391621 0.4486945962355799 0.0767304189435337 0.09168184578020644
3 0.5324453551912568 0.8233151183970857 0.01707650273224044 0.012143290831815423
3 0.5286885245901639 0.707043108682453 0.015027322404371584 0.012750455373406194
3 0.41723588342440804 0.8738615664845174 0.012978142076502733 0.01305403764420158
3 0.42213114754098363 0.6221918639951427 0.009107468123861567 0.020947176684881604
3 0.5947176684881603 0.7097753491196115 0.009107468123861567 0.020643594414086218
3 0.4643670309653916 0.6886763812993322 0.010245901639344262 0.021554341226472377
3 0.9612932604735883 0.8653612629022466 0.013205828779599272 0.013661202185792351
3 0.4285063752276867 0.8187613843351549 0.018214936247723135 0.012750455373406194
3 0.9370446265938069 0.8706739526411658 0.016621129326047358 0.012143290831815423
3 0.5965391621129326 0.6894353369763206 0.012750455373406192 0.012143290831815423
3 0.855191256830601 0.6221918639951427 0.014571948998178506 0.01305403764420158
3 0.40812841530054644 0.792046144505161 0.008424408014571949 0.02185792349726776
3 0.40528233151183973 0.9013357619914998 0.009107468123861567 0.019429265330904676
3 0.36885245901639346 0.7557680631451124 0.009562841530054645 0.011839708561020037
3 0.7231329690346083 0.6226472374013358 0.012295081967213115 0.015179113539769279
